15240
17666
16491
18121
17053
18432
17175
A138
17629
15641
18055
16548
18382
17054
19052
17221
15533
17671
16640
18134
17068
18467
17198
A139
17160
17754
16649
18221
17071
18559
17229
A151
17701
16024
18153
16826
18529
17081
A145
17282
15655
17763
16810
18241
17072
18596
17264
A225
16115
17835
16840
18282
17087
18666
17333
A254
17812
16385
18266
16972
18655
17115
A226
17372
16286
17921-l1
16929
18294
17109
18687
17369
A263
16428
17923
17013
18355
17130
19031
17475
A251
17922
16488
18349
17048
18694
17167
A286
17543
16438
18015
17025
18372
17162
19043
17486
A278
17820
17539
16916
16859
15465
18003
17116
17193
17523
17708
18611
15557
15296
15743
18249
17624
18387
17314
15643
17118
17751
15742
17405
18856
18591
18447
18164
18139
16487
16483
18612
16452
15908
17896
17727
17147
15468
17154
17756
16287
17084
18528
16873
17049
17093
18653
17586
15287
17066
17755
16220
17521
18526
18578
18548
17936
16296
15592
15318
15524
17932
18021
18048
18471
17301
17961
18004
17111
17966
17753
18503
18983
17163
15666
17688
17046
15438
18540
15552
18422
17909
15331
15329
18317
16117
16551
18248
17905
17102
17623
15924
17713
18632
15768
15298
18208
